4.1939e+06
10875
0.01
0.01
4.1939e+06
10875
0.009999
0.009999
4.1939e+06
10875
0.009997
0.009997
4.1939e+06
10875
0.009994
0.009994
4.1939e+06
10875
0.00999
0.00999
4.1939e+06
10875
0.00998501
0.00998501
4.1939e+06
10875
0.00997902
0.00997902
4.1939e+06
10875
0.00997204
0.00997204
4.1939e+06
10875
0.00996406
0.00996406
4.1939e+06
10875
0.0099551
0.0099551
4.1939e+06
10875
0.00994515
0.00994515
4.1939e+06
10875
0.00993422
0.00993422
4.1939e+06
10875
0.0099223
0.0099223
4.1939e+06
10875
0.00990941
0.00990941
4.1939e+06
10875
0.00989555
0.00989555
4.1939e+06
10875
0.00988072
0.00988072
4.1939e+06
10875
0.00986492
0.00986492
4.1939e+06
10875
0.00984816
0.00984816
4.1939e+06
10875
0.00983045
0.00983045
4.1939e+06
10875
0.00981179
0.00981179
4.1939e+06
10875
0.00979219
0.00979219
4.1939e+06
10875
0.00977165
0.00977165
4.1939e+06
10875
0.00975017
0.00975017
4.1939e+06
10875
0.00972777
0.00972777
4.1939e+06
10875
0.00970446
0.00970446
4.1939e+06
10875
0.00968022
0.00968022
4.1939e+06
10875
0.00965509
0.00965509
4.1939e+06
10875
0.00962906
0.00962906
4.1939e+06
10875
0.00960213
0.00960213
4.1939e+06
10875
0.00957433
0.00957433
4.1939e+06
10875
0.00954565
0.00954565
4.1939e+06
10875
0.0095161
0.0095161
4.1939e+06
10875
0.0094857
0.0094857
4.1939e+06
10875
0.00945445
0.00945445
4.1939e+06
10875
0.00942236
0.00942236
4.1939e+06
10875
0.00938943
0.00938943
4.1939e+06
10875
0.00935569
0.00935569
4.1939e+06
10875
0.00932114
0.00932114
4.1939e+06
10875
0.00928579
0.00928579
4.1939e+06
10875
0.00924964
0.00924964
4.1939e+06
10875
0.00921272
0.00921272
4.1939e+06
10875
0.00917502
0.00917502
4.1939e+06
10875
0.00913657
0.00913657
4.1939e+06
10875
0.00909737
0.00909737
4.1939e+06
10875
0.00905743
0.00905743
4.1939e+06
10875
0.00901676
0.00901676
4.1939e+06
10875
0.00897538
0.00897538
4.1939e+06
10875
0.00893329
0.00893329
4.1939e+06
10875
0.00889052
0.00889052
4.1939e+06
10875
0.00884706
0.00884706
4.1939e+06
10875
0.00880293
0.00880293
4.1939e+06
10875
0.00875815
0.00875815
4.1939e+06
10875
0.00871273
0.00871273
4.1939e+06
10875
0.00866667
0.00866667
4.1939e+06
10875
0.00862
0.00862
4.1939e+06
10875
0.00857272
0.00857272
4.1939e+06
10875
0.00852485
0.00852485
4.1939e+06
10875
0.00847639
0.00847639
4.1939e+06
10875
0.00842737
0.00842737
4.1939e+06
10875
0.0083778
0.0083778
4.1939e+06
10875
0.00832768
0.00832768
4.1939e+06
10875
0.00827704
0.00827704
4.1939e+06
10875
0.00822588
0.00822588
4.1939e+06
10875
0.00817422
0.00817422
4.1939e+06
10875
0.00812207
0.00812207
4.1939e+06
10875
0.00806945
0.00806945
4.1939e+06
10875
0.00801637
0.00801637
4.1939e+06
10875
0.00796284
0.00796284
4.1939e+06
10875
0.00790887
0.00790887
4.1939e+06
10875
0.00785449
0.00785449
4.1939e+06
10875
0.0077997
0.0077997
4.1939e+06
10875
0.00774452
0.00774452
4.1939e+06
10875
0.00768896
0.00768896
4.1939e+06
10875
0.00763303
0.00763303
4.1939e+06
10875
0.00757676
0.00757676
4.1939e+06
10875
0.00752014
0.00752014
4.1939e+06
10875
0.00746321
0.00746321
4.1939e+06
10875
0.00740596
0.00740596
4.1939e+06
10875
0.00734842
0.00734842
4.1939e+06
10875
0.00729059
0.00729059
4.1939e+06
10875
0.0072325
0.0072325
4.1939e+06
10875
0.00717416
0.00717416
4.1939e+06
10875
0.00711557
0.00711557
4.1939e+06
10875
0.00705675
0.00705675
4.1939e+06
10875
0.00699772
0.00699772
4.1939e+06
10875
0.0069385
0.0069385
4.1939e+06
10875
0.00687908
0.00687908
4.1939e+06
10875
0.00681949
0.00681949
4.1939e+06
10875
0.00675974
0.00675974
4.1939e+06
10875
0.00669985
0.00669985
4.1939e+06
10875
0.00663982
0.00663982
4.1939e+06
10875
0.00657967
0.00657967
4.1939e+06
10875
0.00651942
0.00651942
4.1939e+06
10875
0.00645907
0.00645907
4.1939e+06
10875
0.00639864
0.00639864
4.1939e+06
10875
0.00633814
0.00633814
4.1939e+06
10875
0.00627758
0.00627758
4.1939e+06
10875
0.00621699
0.00621699
4.1939e+06
10875
0.00615636
0.00615636
4.1939e+06
10875
0.00609571
0.00609571
4.1939e+06
10875
0.00603506
0.00603506
4.1939e+06
10875
0.00597441
0.00597441
4.1939e+06
10875
0.00591378
0.00591378
4.1939e+06
10875
0.00585318
0.00585318
4.1939e+06
10875
0.00579262
0.00579262
4.1939e+06
10875
0.00573212
0.00573212
4.1939e+06
10875
0.00567168
0.00567168
4.1939e+06
10875
0.00561131
0.00561131
4.1939e+06
10875
0.00555104
0.00555104
4.1939e+06
10875
0.00549086
0.00549086
4.1939e+06
10875
0.00543079
0.00543079
4.1939e+06
10875
0.00537084
0.00537084
4.1939e+06
10875
0.00531103
0.00531103
4.1939e+06
10875
0.00525135
0.00525135
4.1939e+06
10875
0.00519182
0.00519182
4.1939e+06
10875
0.00513246
0.00513246
4.1939e+06
10875
0.00507327
0.00507327
4.1939e+06
10875
0.00501426
0.00501426
4.1939e+06
10875
0.00495544
0.00495544
4.1939e+06
10875
0.00489682
0.00489682
4.1939e+06
10875
0.0048384
0.0048384
4.1939e+06
10875
0.00478021
0.00478021
4.1939e+06
10875
0.00472225
0.00472225
4.1939e+06
10875
0.00466452
0.00466452
4.1939e+06
10875
0.00460704
0.00460704
4.1939e+06
10875
0.00454981
0.00454981
4.1939e+06
10875
0.00449284
0.00449284
4.1939e+06
10875
0.00443614
0.00443614
4.1939e+06
10875
0.00437972
0.00437972
4.1939e+06
10875
0.00432359
0.00432359
4.1939e+06
10875
0.00426774
0.00426774
4.1939e+06
10875
0.0042122
0.0042122
4.1939e+06
10875
0.00415696
0.00415696
4.1939e+06
10875
0.00410204
0.00410204
4.1939e+06
10875
0.00404744
0.00404744
4.1939e+06
10875
0.00399317
0.00399317
4.1939e+06
10875
0.00393923
0.00393923
4.1939e+06
10875
0.00388563
0.00388563
4.1939e+06
10875
0.00383238
0.00383238
4.1939e+06
10875
0.00377947
0.00377947
4.1939e+06
10875
0.00372693
0.00372693
4.1939e+06
10875
0.00367475
0.00367475
4.1939e+06
10875
0.00362294
0.00362294
4.1939e+06
10875
0.0035715
0.0035715
4.1939e+06
10875
0.00352044
0.00352044
4.1939e+06
10875
0.00346976
0.00346976
4.1939e+06
10875
0.00341947
0.00341947
4.1939e+06
10875
0.00336957
0.00336957
4.1939e+06
10875
0.00332007
0.00332007
4.1939e+06
10875
0.00327097
0.00327097
4.1939e+06
10875
0.00322227
0.00322227
4.1939e+06
10875
0.00317398
0.00317398
4.1939e+06
10875
0.0031261
0.0031261
4.1939e+06
10875
0.00307863
0.00307863
4.1939e+06
10875
0.00303158
0.00303158
4.1939e+06
10875
0.00298496
0.00298496
4.1939e+06
10875
0.00293875
0.00293875
4.1939e+06
10875
0.00289297
0.00289297
4.1939e+06
10875
0.00284762
0.00284762
4.1939e+06
10875
0.00280271
0.00280271
4.1939e+06
10875
0.00275822
0.00275822
4.1939e+06
10875
0.00271417
0.00271417
4.1939e+06
10875
0.00267055
0.00267055
4.1939e+06
10875
0.00262737
0.00262737
4.1939e+06
10875
0.00258464
0.00258464
4.1939e+06
10875
0.00254234
0.00254234
4.1939e+06
10875
0.00250049
0.00250049
4.1939e+06
10875
0.00245907
0.00245907
4.1939e+06
10875
0.00241811
0.00241811
4.1939e+06
10875
0.00237758
0.00237758
4.1939e+06
10875
0.00233751
0.00233751
4.1939e+06
10875
0.00229788
0.00229788
4.1939e+06
10875
0.00225869
0.00225869
4.1939e+06
10875
0.00221995
0.00221995
4.1939e+06
10875
0.00218166
0.00218166
4.1939e+06
10875
0.00214381
0.00214381
4.1939e+06
10875
0.00210641
0.00210641
4.1939e+06
10875
0.00206945
0.00206945
4.1939e+06
10875
0.00203294
0.00203294
4.1939e+06
10875
0.00199688
0.00199688
4.1939e+06
10875
0.00196126
0.00196126
4.1939e+06
10875
0.00192608
0.00192608
4.1939e+06
10875
0.00189134
0.00189134
4.1939e+06
10875
0.00185704
0.00185704
4.1939e+06
10875
0.00182319
0.00182319
4.1939e+06
10875
0.00178977
0.00178977
4.1939e+06
10875
0.00175678
0.00175678
4.1939e+06
10875
0.00172424
0.00172424
4.1939e+06
10875
0.00169212
0.00169212
4.1939e+06
10875
0.00166044
0.00166044
4.1939e+06
10875
0.00162919
0.00162919
4.1939e+06
10875
0.00159837
0.00159837
4.1939e+06
10875
0.00156798
0.00156798
4.1939e+06
10875
0.001538
0.001538
4.1939e+06
10875
0.00150845
0.00150845
4.1939e+06
10875
0.00147932
0.00147932
4.1939e+06
10875
0.00145061
0.00145061
4.1939e+06
10875
0.00142231
0.00142231
4.1939e+06
10875
0.00139443
0.00139443
4.1939e+06
10875
0.00136695
0.00136695
4.1939e+06
10875
0.00133989
0.00133989
4.1939e+06
10875
0.00131322
0.00131322
4.1939e+06
10875
0.00128696
0.00128696
4.1939e+06
10875
0.0012611
0.0012611
4.1939e+06
10875
0.00123564
0.00123564
4.1939e+06
10875
0.00121056
0.00121056
4.1939e+06
10875
0.00118588
0.00118588
4.1939e+06
10875
0.00116158
0.00116158
4.1939e+06
10875
0.00113767
0.00113767
4.1939e+06
10875
0.00111414
0.00111414
4.1939e+06
10875
0.00109099
0.00109099
4.1939e+06
10875
0.00106821
0.00106821
4.1939e+06
10875
0.0010458
0.0010458
4.1939e+06
10875
0.00102376
0.00102376
4.1939e+06
10875
0.00100209
0.00100209
4.1939e+06
10875
0.000980772
0.000980772
4.1939e+06
10875
0.000959815
0.000959815
4.1939e+06
10875
0.000939211
0.000939211
4.1939e+06
10875
0.000918958
0.000918958
4.1939e+06
10875
0.000899052
0.000899052
4.1939e+06
10875
0.000879488
0.000879488
4.1939e+06
10875
0.000860265
0.000860265
4.1939e+06
10875
0.000841377
0.000841377
4.1939e+06
10875
0.000822822
0.000822822
4.1939e+06
10875
0.000804596
0.000804596
4.1939e+06
10875
0.000786695
0.000786695
4.1939e+06
10875
0.000769115
0.000769115
4.1939e+06
10875
0.000751853
0.000751853
4.1939e+06
10875
0.000734904
0.000734904
4.1939e+06
10875
0.000718266
0.000718266
4.1939e+06
10875
0.000701935
0.000701935
4.1939e+06
10875
0.000685906
0.000685906
4.1939e+06
10875
0.000670176
0.000670176
4.1939e+06
10875
0.000654741
0.000654741
4.1939e+06
10875
0.000639598
0.000639598
4.1939e+06
10875
0.000624743
0.000624743
4.1939e+06
10875
0.000610172
0.000610172
4.1939e+06
10875
0.000595881
0.000595881
4.1939e+06
10875
0.000581866
0.000581866
4.1939e+06
10875
0.000568124
0.000568124
4.1939e+06
10875
0.000554652
0.000554652
4.1939e+06
10875
0.000541444
0.000541444
4.1939e+06
10875
0.000528499
0.000528499
4.1939e+06
10875
0.000515811
0.000515811
4.1939e+06
10875
0.000503377
0.000503377
4.1939e+06
10875
0.000491195
0.000491195
4.1939e+06
10875
0.000479259
0.000479259
4.1939e+06
10875
0.000467566
0.000467566
4.1939e+06
10875
0.000456113
0.000456113
4.1939e+06
10875
0.000444896
0.000444896
4.1939e+06
10875
0.000433911
0.000433911
4.1939e+06
10875
0.000423156
0.000423156
4.1939e+06
10875
0.000412625
0.000412625
4.1939e+06
10875
0.000402317
0.000402317
4.1939e+06
10875
0.000392227
0.000392227
4.1939e+06
10875
0.000382352
0.000382352
4.1939e+06
10875
0.000372688
0.000372688
4.1939e+06
10875
0.000363231
0.000363231
4.1939e+06
10875
0.00035398
0.00035398
4.1939e+06
10875
0.00034493
0.00034493
4.1939e+06
10875
0.000336077
0.000336077
4.1939e+06
10875
0.000327419
0.000327419
4.1939e+06
10875
0.000318952
0.000318952
4.1939e+06
10875
0.000310673
0.000310673
4.1939e+06
10875
0.000302578
0.000302578
4.1939e+06
10875
0.000294665
0.000294665
4.1939e+06
10875
0.000286931
0.000286931
4.1939e+06
10875
0.000279371
0.000279371
4.1939e+06
10875
0.000271983
0.000271983
4.1939e+06
10875
0.000264764
0.000264764
4.1939e+06
10875
0.000257711
0.000257711
4.1939e+06
10875
0.000250821
0.000250821
4.1939e+06
10875
0.000244091
0.000244091
4.1939e+06
10875
0.000237517
0.000237517
4.1939e+06
10875
0.000231098
0.000231098
4.1939e+06
10875
0.000224829
0.000224829
4.1939e+06
10875
0.000218709
0.000218709
4.1939e+06
10875
0.000212734
0.000212734
4.1939e+06
10875
0.000206901
0.000206901
4.1939e+06
10875
0.000201208
0.000201208
4.1939e+06
10875
0.000195653
0.000195653
4.1939e+06
10875
0.000190231
0.000190231
4.1939e+06
10875
0.000184942
0.000184942
4.1939e+06
10875
0.000179781
0.000179781
4.1939e+06
10875
0.000174747
0.000174747
4.1939e+06
10875
0.000169837
0.000169837
4.1939e+06
10875
0.000165049
0.000165049
4.1939e+06
10875
0.000160379
0.000160379
4.1939e+06
10875
0.000155826
0.000155826
4.1939e+06
10875
0.000151387
0.000151387
4.1939e+06
10875
0.00014706
0.00014706
4.1939e+06
10875
0.000142842
0.000142842
4.1939e+06
10875
0.000138731
0.000138731
4.1939e+06
10875
0.000134726
0.000134726
4.1939e+06
10875
0.000130822
0.000130822
4.1939e+06
10875
0.000127019
0.000127019
4.1939e+06
10875
0.000123315
0.000123315
4.1939e+06
10875
0.000119706
0.000119706
4.1939e+06
10875
0.000116192
0.000116192
4.1939e+06
10875
0.000112769
0.000112769
4.1939e+06
10875
0.000109436
0.000109436
4.1939e+06
10875
0.000106191
0.000106191
4.1939e+06
10875
0.000103032
0.000103032
4.1939e+06
10875
9.9957e-05
9.9957e-05
4.1939e+06
10875
9.69641e-05
9.69641e-05
4.1939e+06
10875
9.40513e-05
9.40513e-05
4.1939e+06
10875
9.12169e-05
9.12169e-05
4.1939e+06
10875
8.84591e-05
8.84591e-05
4.1939e+06
10875
8.57761e-05
8.57761e-05
4.1939e+06
10875
8.31661e-05
8.31661e-05
4.1939e+06
10875
8.06275e-05
8.06275e-05
4.1939e+06
10875
7.81586e-05
7.81586e-05
4.1939e+06
10875
7.57577e-05
7.57577e-05
4.1939e+06
10875
7.34232e-05
7.34232e-05
4.1939e+06
10875
7.11536e-05
7.11536e-05
4.1939e+06
10875
6.89472e-05
6.89472e-05
4.1939e+06
10875
6.68025e-05
6.68025e-05
4.1939e+06
10875
6.47181e-05
6.47181e-05
4.1939e+06
10875
6.26924e-05
6.26924e-05
4.1939e+06
10875
6.07241e-05
6.07241e-05
4.1939e+06
10875
5.88117e-05
5.88117e-05
4.1939e+06
10875
5.69538e-05
5.69538e-05
4.1939e+06
10875
5.51491e-05
5.51491e-05
4.1939e+06
10875
5.33962e-05
5.33962e-05
4.1939e+06
10875
5.16939e-05
5.16939e-05
4.1939e+06
10875
5.00409e-05
5.00409e-05
4.1939e+06
10875
4.84359e-05
4.84359e-05
4.1939e+06
10875
4.68776e-05
4.68776e-05
4.1939e+06
10875
4.5365e-05
4.5365e-05
4.1939e+06
10875
4.38968e-05
4.38968e-05
4.1939e+06
10875
4.24718e-05
4.24718e-05
4.1939e+06
10875
4.1089e-05
4.1089e-05
4.1939e+06
10875
3.97472e-05
3.97472e-05
4.1939e+06
10875
3.84455e-05
3.84455e-05
4.1939e+06
10875
3.71826e-05
3.71826e-05
4.1939e+06
10875
3.59576e-05
3.59576e-05
4.1939e+06
10875
3.47695e-05
3.47695e-05
4.1939e+06
10875
3.36173e-05
3.36173e-05
4.1939e+06
10875
3.25e-05
3.25e-05
4.1939e+06
10875
3.14167e-05
3.14167e-05
4.1939e+06
10875
3.03665e-05
3.03665e-05
4.1939e+06
10875
2.93485e-05
2.93485e-05
4.1939e+06
10875
2.83617e-05
2.83617e-05
4.1939e+06
10875
2.74054e-05
2.74054e-05
4.1939e+06
10875
2.64787e-05
2.64787e-05
4.1939e+06
10875
2.55808e-05
2.55808e-05
4.1939e+06
10875
2.47108e-05
2.47108e-05
4.1939e+06
10875
2.3868e-05
2.3868e-05
4.1939e+06
10875
2.30517e-05
2.30517e-05
4.1939e+06
10875
2.22611e-05
2.22611e-05
4.1939e+06
10875
2.14954e-05
2.14954e-05
4.1939e+06
10875
2.0754e-05
2.0754e-05
4.1939e+06
10875
2.00362e-05
2.00362e-05
4.1939e+06
10875
1.93413e-05
1.93413e-05
4.1939e+06
10875
1.86686e-05
1.86686e-05
4.1939e+06
10875
1.80174e-05
1.80174e-05
4.1939e+06
10875
1.73873e-05
1.73873e-05
4.1939e+06
10875
1.67775e-05
1.67775e-05
4.1939e+06
10875
1.61875e-05
1.61875e-05
4.1939e+06
10875
1.56167e-05
1.56167e-05
4.1939e+06
10875
1.50645e-05
1.50645e-05
4.1939e+06
10875
1.45304e-05
1.45304e-05
4.1939e+06
10875
1.40138e-05
1.40138e-05
4.1939e+06
10875
1.35142e-05
1.35142e-05
4.1939e+06
10875
1.30311e-05
1.30311e-05
4.1939e+06
10875
1.25641e-05
1.25641e-05
4.1939e+06
10875
1.21125e-05
1.21125e-05
4.1939e+06
10875
1.16761e-05
1.16761e-05
4.1939e+06
10875
1.12542e-05
1.12542e-05
4.1939e+06
10875
1.08465e-05
1.08465e-05
4.1939e+06
10875
1.04525e-05
1.04525e-05
4.1939e+06
10875
1.00718e-05
1.00718e-05
4.1939e+06
10875
9.70402e-06
9.70402e-06
4.1939e+06
10875
9.34873e-06
9.34873e-06
4.1939e+06
10875
9.00554e-06
9.00554e-06
4.1939e+06
10875
8.67409e-06
8.67409e-06
4.1939e+06
10875
8.354e-06
8.354e-06
4.1939e+06
10875
8.04492e-06
8.04492e-06
4.1939e+06
10875
7.74649e-06
7.74649e-06
4.1939e+06
10875
7.4584e-06
7.4584e-06
4.1939e+06
10875
7.18029e-06
7.18029e-06
4.1939e+06
10875
6.91187e-06
6.91187e-06
4.1939e+06
10875
6.65282e-06
6.65282e-06
4.1939e+06
10875
6.40283e-06
6.40283e-06
4.1939e+06
10875
6.16162e-06
6.16162e-06
4.1939e+06
10875
5.92891e-06
5.92891e-06
4.1939e+06
10875
5.70441e-06
5.70441e-06
4.1939e+06
10875
5.48787e-06
5.48787e-06
4.1939e+06
10875
5.27902e-06
5.27902e-06
4.1939e+06
10875
5.07761e-06
5.07761e-06
4.1939e+06
10875
4.88339e-06
4.88339e-06
4.1939e+06
10875
4.69614e-06
4.69614e-06
4.1939e+06
10875
4.51561e-06
4.51561e-06
4.1939e+06
10875
4.34159e-06
4.34159e-06
4.1939e+06
10875
4.17386e-06
4.17386e-06
4.1939e+06
10875
4.0122e-06
4.0122e-06
4.1939e+06
10875
3.85642e-06
3.85642e-06
4.1939e+06
10875
3.70632e-06
3.70632e-06
4.1939e+06
10875
3.56171e-06
3.56171e-06
4.1939e+06
10875
3.42239e-06
3.42239e-06
4.1939e+06
10875
3.2882e-06
3.2882e-06
4.1939e+06
10875
3.15895e-06
3.15895e-06
4.1939e+06
10875
3.03448e-06
3.03448e-06
4.1939e+06
10875
2.91462e-06
2.91462e-06
4.1939e+06
10875
2.79922e-06
2.79922e-06
4.1939e+06
10875
2.68812e-06
2.68812e-06
4.1939e+06
10875
2.58116e-06
2.58116e-06
4.1939e+06
10875
2.47822e-06
2.47822e-06
4.1939e+06
10875
2.37914e-06
2.37914e-06
4.1939e+06
10875
2.2838e-06
2.2838e-06
4.1939e+06
10875
2.19206e-06
2.19206e-06
4.1939e+06
10875
2.10379e-06
2.10379e-06
4.1939e+06
10875
2.01887e-06
2.01887e-06
4.1939e+06
10875
1.93719e-06
1.93719e-06
4.1939e+06
10875
1.85863e-06
1.85863e-06
4.1939e+06
10875
1.78308e-06
1.78308e-06
4.1939e+06
10875
1.71042e-06
1.71042e-06
4.1939e+06
10875
1.64056e-06
1.64056e-06
4.1939e+06
10875
1.5734e-06
1.5734e-06
4.1939e+06
10875
1.50884e-06
1.50884e-06
4.1939e+06
10875
1.44678e-06
1.44678e-06
4.1939e+06
10875
1.38713e-06
1.38713e-06
4.1939e+06
10875
1.32982e-06
1.32982e-06
4.1939e+06
10875
1.27474e-06
1.27474e-06
4.1939e+06
10875
1.22182e-06
1.22182e-06
4.1939e+06
10875
1.17098e-06
1.17098e-06
4.1939e+06
10875
1.12214e-06
1.12214e-06
4.1939e+06
10875
1.07524e-06
1.07524e-06
4.1939e+06
10875
1.03019e-06
1.03019e-06
4.1939e+06
10875
9.86927e-07
9.86927e-07
4.1939e+06
10875
9.45388e-07
9.45388e-07
4.1939e+06
10875
9.05508e-07
9.05508e-07
4.1939e+06
10875
8.67223e-07
8.67223e-07
4.1939e+06
10875
8.30473e-07
8.30473e-07
4.1939e+06
10875
7.95202e-07
7.95202e-07
4.1939e+06
10875
7.61352e-07
7.61352e-07
4.1939e+06
10875
7.2887e-07
7.2887e-07
4.1939e+06
10875
6.97704e-07
6.97704e-07
4.1939e+06
10875
6.67805e-07
6.67805e-07
4.1939e+06
10875
6.39122e-07
6.39122e-07
4.1939e+06
10875
6.11611e-07
6.11611e-07
4.1939e+06
10875
5.85225e-07
5.85225e-07
4.1939e+06
10875
5.59921e-07
5.59921e-07
4.1939e+06
10875
5.35658e-07
5.35658e-07
4.1939e+06
10875
5.12395e-07
5.12395e-07
4.1939e+06
10875
4.90093e-07
4.90093e-07
4.1939e+06
10875
4.68715e-07
4.68715e-07
4.1939e+06
10875
4.48225e-07
4.48225e-07
4.1939e+06
10875
4.28588e-07
4.28588e-07
4.1939e+06
10875
4.0977e-07
4.0977e-07
4.1939e+06
10875
3.91739e-07
3.91739e-07
4.1939e+06
10875
3.74464e-07
3.74464e-07
4.1939e+06
10875
3.57915e-07
3.57915e-07
4.1939e+06
10875
3.42063e-07
3.42063e-07
4.1939e+06
10875
3.26881e-07
3.26881e-07
4.1939e+06
10875
3.12341e-07
3.12341e-07
4.1939e+06
10875
2.98418e-07
2.98418e-07
4.1939e+06
10875
2.85087e-07
2.85087e-07
4.1939e+06
10875
2.72325e-07
2.72325e-07
4.1939e+06
10875
2.60108e-07
2.60108e-07
4.1939e+06
10875
2.48414e-07
2.48414e-07
4.1939e+06
10875
2.37222e-07
2.37222e-07
4.1939e+06
10875
2.26511e-07
2.26511e-07
4.1939e+06
10875
2.16263e-07
2.16263e-07
4.1939e+06
10875
2.06458e-07
2.06458e-07
4.1939e+06
10875
1.97077e-07
1.97077e-07
4.1939e+06
10875
1.88104e-07
1.88104e-07
4.1939e+06
10875
1.79522e-07
1.79522e-07
4.1939e+06
10875
1.71314e-07
1.71314e-07
4.1939e+06
10875
1.63464e-07
1.63464e-07
4.1939e+06
10875
1.55959e-07
1.55959e-07
4.1939e+06
10875
1.48784e-07
1.48784e-07
4.1939e+06
10875
1.41925e-07
1.41925e-07
4.1939e+06
10875
1.35368e-07
1.35368e-07
4.1939e+06
10875
1.29101e-07
1.29101e-07
4.1939e+06
10875
1.23112e-07
1.23112e-07
4.1939e+06
10875
1.17389e-07
1.17389e-07
4.1939e+06
10875
1.11921e-07
1.11921e-07
4.1939e+06
10875
1.06697e-07
1.06697e-07
4.1939e+06
10875
1.01707e-07
1.01707e-07
4.1939e+06
10875
9.69403e-08
9.69403e-08
4.1939e+06
10875
9.23879e-08
9.23879e-08
4.1939e+06
10875
8.80404e-08
8.80404e-08
4.1939e+06
10875
8.38891e-08
8.38891e-08
4.1939e+06
10875
7.99256e-08
7.99256e-08
4.1939e+06
10875
7.61417e-08
7.61417e-08
4.1939e+06
10875
7.25297e-08
7.25297e-08
4.1939e+06
10875
6.90821e-08
6.90821e-08
4.1939e+06
10875
6.57918e-08
6.57918e-08
4.1939e+06
10875
6.2652e-08
6.2652e-08
4.1939e+06
10875
5.96561e-08
5.96561e-08
4.1939e+06
10875
5.67977e-08
5.67977e-08
4.1939e+06
10875
5.40709e-08
5.40709e-08
4.1939e+06
10875
5.14698e-08
5.14698e-08
4.1939e+06
10875
4.8989e-08
4.8989e-08
4.1939e+06
10875
4.66231e-08
4.66231e-08
4.1939e+06
10875
4.4367e-08
4.4367e-08
4.1939e+06
10875
4.22158e-08
4.22158e-08
4.1939e+06
10875
4.0165e-08
4.0165e-08
4.1939e+06
10875
3.82099e-08
3.82099e-08
4.1939e+06
10875
3.63464e-08
3.63464e-08
4.1939e+06
10875
3.45703e-08
3.45703e-08
4.1939e+06
10875
3.28777e-08
3.28777e-08
4.1939e+06
10875
3.12649e-08
3.12649e-08
4.1939e+06
10875
2.97282e-08
2.97282e-08
4.1939e+06
10875
2.82642e-08
2.82642e-08
4.1939e+06
10875
2.68696e-08
2.68696e-08
4.1939e+06
10875
2.55413e-08
2.55413e-08
4.1939e+06
10875
2.42762e-08
2.42762e-08
4.1939e+06
10875
2.30714e-08
2.30714e-08
4.1939e+06
10875
2.19243e-08
2.19243e-08
4.1939e+06
10875
2.08321e-08
2.08321e-08
4.1939e+06
10875
1.97924e-08
1.97924e-08
4.1939e+06
10875
1.88026e-08
1.88026e-08
4.1939e+06
10875
1.78606e-08
1.78606e-08
4.1939e+06
10875
1.6964e-08
1.6964e-08
4.1939e+06
10875
1.61109e-08
1.61109e-08
4.1939e+06
10875
1.52991e-08
1.52991e-08
4.1939e+06
10875
1.45268e-08
1.45268e-08
4.1939e+06
10875
1.37921e-08
1.37921e-08
4.1939e+06
10875
1.30932e-08
1.30932e-08
4.1939e+06
10875
1.24285e-08
1.24285e-08
4.1939e+06
10875
1.17964e-08
1.17964e-08
4.1939e+06
10875
1.11953e-08
1.11953e-08
4.1939e+06
10875
1.06238e-08
1.06238e-08
4.1939e+06
10875
1.00804e-08
1.00804e-08
4.1939e+06
10875
9.5639e-09
9.5639e-09
4.1939e+06
10875
9.07293e-09
9.07293e-09
4.1939e+06
10875
8.60631e-09
8.60631e-09
4.1939e+06
10875
8.16287e-09
8.16287e-09
4.1939e+06
10875
7.7415e-09
7.7415e-09
4.1939e+06
10875
7.34115e-09
7.34115e-09
4.1939e+06
10875
6.96081e-09
6.96081e-09
4.1939e+06
10875
6.59951e-09
6.59951e-09
4.1939e+06
10875
6.25634e-09
6.25634e-09
4.1939e+06
10875
5.93042e-09
5.93042e-09
4.1939e+06
10875
5.62092e-09
5.62092e-09
4.1939e+06
10875
5.32704e-09
5.32704e-09
4.1939e+06
10875
5.04802e-09
5.04802e-09
4.1939e+06
10875
4.78313e-09
4.78313e-09
4.1939e+06
10875
4.53169e-09
4.53169e-09
4.1939e+06
10875
4.29304e-09
4.29304e-09
4.1939e+06
10875
4.06655e-09
4.06655e-09
4.1939e+06
10875
3.85163e-09
3.85163e-09
4.1939e+06
10875
3.6477e-09
3.6477e-09
4.1939e+06
10875
3.45422e-09
3.45422e-09
4.1939e+06
10875
3.27067e-09
3.27067e-09
4.1939e+06
10875
3.09657e-09
3.09657e-09
4.1939e+06
10875
2.93145e-09
2.93145e-09
4.1939e+06
10875
2.77485e-09
2.77485e-09
4.1939e+06
10875
2.62635e-09
2.62635e-09
4.1939e+06
10875
2.48555e-09
2.48555e-09
4.1939e+06
10875
2.35207e-09
2.35207e-09
4.1939e+06
10875
2.22553e-09
2.22553e-09
4.1939e+06
10875
2.10559e-09
2.10559e-09
4.1939e+06
10875
1.99191e-09
1.99191e-09
4.1939e+06
10875
1.88419e-09
1.88419e-09
4.1939e+06
10875
1.78211e-09
1.78211e-09
4.1939e+06
10875
1.68539e-09
1.68539e-09
4.1939e+06
10875
1.59376e-09
1.59376e-09
4.1939e+06
10875
1.50696e-09
1.50696e-09
4.1939e+06
10875
1.42475e-09
1.42475e-09
4.1939e+06
10875
1.34689e-09
1.34689e-09
4.1939e+06
10875
1.27315e-09
1.27315e-09
4.1939e+06
10875
1.20333e-09
1.20333e-09
4.1939e+06
10875
1.13723e-09
1.13723e-09
4.1939e+06
10875
1.07465e-09
1.07465e-09
4.1939e+06
10875
1.01541e-09
1.01541e-09
4.1939e+06
10875
9.59345e-10
9.59345e-10
4.1939e+06
10875
9.06282e-10
9.06282e-10
4.1939e+06
10875
8.56069e-10
8.56069e-10
4.1939e+06
10875
8.08557e-10
8.08557e-10
4.1939e+06
10875
7.63605e-10
7.63605e-10
4.1939e+06
10875
7.21081e-10
7.21081e-10
4.1939e+06
10875
6.80856e-10
6.80856e-10
4.1939e+06
10875
6.42811e-10
6.42811e-10
4.1939e+06
10875
6.06831e-10
6.06831e-10
4.1939e+06
10875
5.72808e-10
5.72808e-10
4.1939e+06
10875
5.40639e-10
5.40639e-10
4.1939e+06
10875
5.10225e-10
5.10225e-10
4.1939e+06
10875
4.81473e-10
4.81473e-10
4.1939e+06
10875
4.54297e-10
4.54297e-10
4.1939e+06
10875
4.28612e-10
4.28612e-10
4.1939e+06
10875
4.04338e-10
4.04338e-10
4.1939e+06
10875
3.81401e-10
3.81401e-10
4.1939e+06
10875
3.59729e-10
3.59729e-10
4.1939e+06
10875
3.39255e-10
3.39255e-10
4.1939e+06
10875
3.19914e-10
3.19914e-10
4.1939e+06
10875
3.01645e-10
3.01645e-10
4.1939e+06
10875
2.84391e-10
2.84391e-10
4.1939e+06
10875
2.68098e-10
2.68098e-10
4.1939e+06
10875
2.52712e-10
2.52712e-10
4.1939e+06
10875
2.38186e-10
2.38186e-10
4.1939e+06
10875
2.24472e-10
2.24472e-10
4.1939e+06
10875
2.11527e-10
2.11527e-10
4.1939e+06
10875
1.99308e-10
1.99308e-10
4.1939e+06
10875
1.87776e-10
1.87776e-10
4.1939e+06
10875
1.76894e-10
1.76894e-10
4.1939e+06
10875
1.66626e-10
1.66626e-10
4.1939e+06
10875
1.56938e-10
1.56938e-10
4.1939e+06
10875
1.47799e-10
1.47799e-10
4.1939e+06
10875
1.39178e-10
1.39178e-10
4.1939e+06
10875
1.31046e-10
1.31046e-10
4.1939e+06
10875
1.23378e-10
1.23378e-10
4.1939e+06
10875
1.16146e-10
1.16146e-10
4.1939e+06
10875
1.09328e-10
1.09328e-10
4.1939e+06
10875
1.02899e-10
1.02899e-10
4.1939e+06
10875
9.68391e-11
9.68391e-11
4.1939e+06
10875
9.11267e-11
9.11267e-11
4.1939e+06
10875
8.57427e-11
8.57427e-11
4.1939e+06
10875
8.06687e-11
8.06687e-11
4.1939e+06
10875
7.58874e-11
7.58874e-11
4.1939e+06
10875
7.13824e-11
7.13824e-11
4.1939e+06
10875
6.7138e-11
6.7138e-11
4.1939e+06
10875
6.31398e-11
6.31398e-11
4.1939e+06
10875
5.93737e-11
5.93737e-11
4.1939e+06
10875
5.58266e-11
5.58266e-11
4.1939e+06
10875
5.24862e-11
5.24862e-11
4.1939e+06
10875
4.93408e-11
4.93408e-11
4.1939e+06
10875
4.63792e-11
4.63792e-11
4.1939e+06
10875
4.3591e-11
4.3591e-11
4.1939e+06
10875
4.09663e-11
4.09663e-11
4.1939e+06
10875
3.84959e-11
3.84959e-11
4.1939e+06
10875
3.61708e-11
3.61708e-11
4.1939e+06
10875
3.39827e-11
3.39827e-11
4.1939e+06
10875
3.19238e-11
3.19238e-11
4.1939e+06
10875
2.99866e-11
2.99866e-11
4.1939e+06
10875
2.81642e-11
2.81642e-11
4.1939e+06
10875
2.64499e-11
2.64499e-11
4.1939e+06
10875
2.48374e-11
2.48374e-11
4.1939e+06
10875
2.33209e-11
2.33209e-11
4.1939e+06
10875
2.18948e-11
2.18948e-11
4.1939e+06
10875
2.05539e-11
2.05539e-11
4.1939e+06
10875
1.92932e-11
1.92932e-11
4.1939e+06
10875
1.81079e-11
1.81079e-11
4.1939e+06
10875
1.69938e-11
1.69938e-11
4.1939e+06
10875
1.59467e-11
1.59467e-11
4.1939e+06
10875
1.49626e-11
1.49626e-11
4.1939e+06
10875
1.40378e-11
1.40378e-11
4.1939e+06
10875
1.31688e-11
1.31688e-11
4.1939e+06
10875
1.23524e-11
1.23524e-11
4.1939e+06
10875
1.15855e-11
1.15855e-11
4.1939e+06
10875
1.0865e-11
1.0865e-11
4.1939e+06
10875
1.01884e-11
1.01884e-11
4.1939e+06
10875
9.55296e-12
9.55296e-12
4.1939e+06
10875
8.95624e-12
8.95624e-12
4.1939e+06
10875
8.39596e-12
8.39596e-12
4.1939e+06
10875
7.86994e-12
7.86994e-12
4.1939e+06
10875
7.37614e-12
7.37614e-12
4.1939e+06
10875
6.91264e-12
6.91264e-12
4.1939e+06
10875
6.47761e-12
6.47761e-12
4.1939e+06
10875
6.06935e-12
6.06935e-12
4.1939e+06
10875
5.68625e-12
5.68625e-12
4.1939e+06
10875
5.3268e-12
5.3268e-12
4.1939e+06
10875
4.98958e-12
4.98958e-12
4.1939e+06
10875
4.67323e-12
4.67323e-12
4.1939e+06
10875
4.37651e-12
4.37651e-12
4.1939e+06
10875
4.09821e-12
4.09821e-12
4.1939e+06
10875
3.83723e-12
3.83723e-12
4.1939e+06
10875
3.59251e-12
3.59251e-12
4.1939e+06
10875
3.36306e-12
3.36306e-12
4.1939e+06
10875
3.14795e-12
3.14795e-12
4.1939e+06
10875
2.9463e-12
2.9463e-12
4.1939e+06
10875
2.7573e-12
2.7573e-12
4.1939e+06
10875
2.58016e-12
2.58016e-12
4.1939e+06
10875
2.41416e-12
2.41416e-12
4.1939e+06
10875
2.25861e-12
2.25861e-12
4.1939e+06
10875
2.11288e-12
2.11288e-12
4.1939e+06
10875
1.97635e-12
1.97635e-12
4.1939e+06
10875
1.84846e-12
1.84846e-12
4.1939e+06
10875
1.72867e-12
1.72867e-12
4.1939e+06
10875
1.61648e-12
1.61648e-12
4.1939e+06
10875
1.51142e-12
1.51142e-12
4.1939e+06
10875
1.41305e-12
1.41305e-12
4.1939e+06
10875
1.32095e-12
1.32095e-12
4.1939e+06
10875
1.23473e-12
1.23473e-12
4.1939e+06
10875
1.15402e-12
1.15402e-12
4.1939e+06
10875
1.07848e-12
1.07848e-12
4.1939e+06
10875
1.00778e-12
1.00778e-12
4.1939e+06
10875
9.41624e-13
9.41624e-13
4.1939e+06
10875
8.79722e-13
8.79722e-13
4.1939e+06
10875
8.21808e-13
8.21808e-13
4.1939e+06
10875
7.67629e-13
7.67629e-13
4.1939e+06
10875
7.1695e-13
7.1695e-13
4.1939e+06
10875
6.6955e-13
6.6955e-13
4.1939e+06
10875
6.25222e-13
6.25222e-13
4.1939e+06
10875
5.83769e-13
5.83769e-13
4.1939e+06
10875
5.45011e-13
5.45011e-13
4.1939e+06
10875
5.08775e-13
5.08775e-13
4.1939e+06
10875
4.74901e-13
4.74901e-13
4.1939e+06
10875
4.43238e-13
4.43238e-13
4.1939e+06
10875
4.13644e-13
4.13644e-13
4.1939e+06
10875
3.85988e-13
3.85988e-13
4.1939e+06
10875
3.60145e-13
3.60145e-13
4.1939e+06
10875
3.35998e-13
3.35998e-13
4.1939e+06
10875
3.13439e-13
3.13439e-13
4.1939e+06
10875
2.92366e-13
2.92366e-13
4.1939e+06
10875
2.72682e-13
2.72682e-13
4.1939e+06
10875
2.54298e-13
2.54298e-13
4.1939e+06
10875
2.37129e-13
2.37129e-13
4.1939e+06
10875
2.21098e-13
2.21098e-13
4.1939e+06
10875
2.0613e-13
2.0613e-13
4.1939e+06
10875
1.92156e-13
1.92156e-13
4.1939e+06
10875
1.79111e-13
1.79111e-13
4.1939e+06
10875
1.66935e-13
1.66935e-13
4.1939e+06
10875
1.55572e-13
1.55572e-13
4.1939e+06
10875
1.44967e-13
1.44967e-13
4.1939e+06
10875
1.35072e-13
1.35072e-13
4.1939e+06
10875
1.25839e-13
1.25839e-13
4.1939e+06
10875
1.17226e-13
1.17226e-13
4.1939e+06
10875
1.09192e-13
1.09192e-13
4.1939e+06
10875
1.01698e-13
1.01698e-13
4.1939e+06
10875
9.47087e-14
9.47087e-14
4.1939e+06
10875
8.81911e-14
8.81911e-14
4.1939e+06
10875
8.21138e-14
8.21138e-14
4.1939e+06
10875
7.64477e-14
7.64477e-14
4.1939e+06
10875
7.11654e-14
7.11654e-14
4.1939e+06
10875
6.62414e-14
6.62414e-14
4.1939e+06
10875
6.1652e-14
6.1652e-14
4.1939e+06
10875
5.73749e-14
5.73749e-14
4.1939e+06
10875
5.33891e-14
5.33891e-14
4.1939e+06
10875
4.96752e-14
4.96752e-14
4.1939e+06
10875
4.62151e-14
4.62151e-14
4.1939e+06
10875
4.29917e-14
4.29917e-14
4.1939e+06
10875
3.99891e-14
3.99891e-14
4.1939e+06
10875
3.71925e-14
3.71925e-14
4.1939e+06
10875
3.4588e-14
3.4588e-14
4.1939e+06
10875
3.21627e-14
3.21627e-14
4.1939e+06
10875
2.99044e-14
2.99044e-14
4.1939e+06
10875
2.7802e-14
2.7802e-14
4.1939e+06
10875
2.58447e-14
2.58447e-14
4.1939e+06
10875
2.40229e-14
2.40229e-14
4.1939e+06
10875
2.23272e-14
2.23272e-14
4.1939e+06
10875
2.07492e-14
2.07492e-14
4.1939e+06
10875
1.92807e-14
1.92807e-14
4.1939e+06
10875
1.79144e-14
1.79144e-14
4.1939e+06
10875
1.66433e-14
1.66433e-14
4.1939e+06
10875
1.54608e-14
1.54608e-14
4.1939e+06
10875
1.43609e-14
1.43609e-14
4.1939e+06
10875
1.33379e-14
1.33379e-14
4.1939e+06
10875
1.23865e-14
1.23865e-14
4.1939e+06
10875
1.15018e-14
1.15018e-14
4.1939e+06
10875
1.06793e-14
1.06793e-14
4.1939e+06
10875
9.91458e-15
9.91458e-15
4.1939e+06
10875
9.20371e-15
9.20371e-15
4.1939e+06
10875
8.54295e-15
8.54295e-15
4.1939e+06
10875
7.92884e-15
7.92884e-15
4.1939e+06
10875
7.35813e-15
7.35813e-15
4.1939e+06
10875
6.82783e-15
6.82783e-15
4.1939e+06
10875
6.3351e-15
6.3351e-15
4.1939e+06
10875
5.87735e-15
5.87735e-15
4.1939e+06
10875
5.45213e-15
5.45213e-15
4.1939e+06
10875
5.05717e-15
5.05717e-15
4.1939e+06
10875
4.69035e-15
4.69035e-15
4.1939e+06
10875
4.3497e-15
4.3497e-15
4.1939e+06
10875
4.03339e-15
4.03339e-15
4.1939e+06
10875
3.7397e-15
3.7397e-15
4.1939e+06
10875
3.46706e-15
3.46706e-15
4.1939e+06
10875
3.21397e-15
3.21397e-15
4.1939e+06
10875
2.97906e-15
2.97906e-15
4.1939e+06
10875
2.76104e-15
2.76104e-15
4.1939e+06
10875
2.55872e-15
2.55872e-15
4.1939e+06
10875
2.37099e-15
2.37099e-15
4.1939e+06
10875
2.19681e-15
2.19681e-15
4.1939e+06
10875
2.03522e-15
2.03522e-15
4.1939e+06
10875
1.88534e-15
1.88534e-15
4.1939e+06
10875
1.74631e-15
1.74631e-15
4.1939e+06
10875
1.61738e-15
1.61738e-15
4.1939e+06
10875
1.49781e-15
1.49781e-15
4.1939e+06
10875
1.38695e-15
1.38695e-15
4.1939e+06
10875
1.28416e-15
1.28416e-15
4.1939e+06
10875
1.18887e-15
1.18887e-15
4.1939e+06
10875
1.10055e-15
1.10055e-15
4.1939e+06
10875
1.01868e-15
1.01868e-15
4.1939e+06
10875
9.42807e-16
9.42807e-16
4.1939e+06
10875
8.72499e-16
8.72499e-16
4.1939e+06
10875
8.07353e-16
8.07353e-16
4.1939e+06
10875
7.46997e-16
7.46997e-16
4.1939e+06
10875
6.91084e-16
6.91084e-16
4.1939e+06
10875
6.39292e-16
6.39292e-16
4.1939e+06
10875
5.91322e-16
5.91322e-16
4.1939e+06
10875
5.46898e-16
5.46898e-16
4.1939e+06
10875
5.0576e-16
5.0576e-16
4.1939e+06
10875
4.67669e-16
4.67669e-16
4.1939e+06
10875
4.32404e-16
4.32404e-16
4.1939e+06
10875
3.99759e-16
3.99759e-16
4.1939e+06
10875
3.69541e-16
3.69541e-16
4.1939e+06
10875
3.41573e-16
3.41573e-16
4.1939e+06
10875
3.1569e-16
3.1569e-16
4.1939e+06
10875
2.9174e-16
2.9174e-16
4.1939e+06
10875
2.69579e-16
2.69579e-16
4.1939e+06
10875
2.49077e-16
2.49077e-16
4.1939e+06
10875
2.30111e-16
2.30111e-16
4.1939e+06
10875
2.12568e-16
2.12568e-16
4.1939e+06
10875
1.96343e-16
1.96343e-16
4.1939e+06
10875
1.81338e-16
1.81338e-16
4.1939e+06
10875
1.67463e-16
1.67463e-16
4.1939e+06
10875
1.54634e-16
1.54634e-16
4.1939e+06
10875
1.42774e-16
1.42774e-16
4.1939e+06
10875
1.3181e-16
1.3181e-16
4.1939e+06
10875
1.21676e-16
1.21676e-16
4.1939e+06
10875
1.1231e-16
1.1231e-16
4.1939e+06
10875
1.03654e-16
1.03654e-16
4.1939e+06
10875
9.56563e-17
9.56563e-17
4.1939e+06
10875
8.82666e-17
8.82666e-17
4.1939e+06
10875
8.14396e-17
8.14396e-17
4.1939e+06
10875
7.51331e-17
7.51331e-17
4.1939e+06
10875
6.93081e-17
6.93081e-17
4.1939e+06
10875
6.39283e-17
6.39283e-17
4.1939e+06
10875
5.89601e-17
5.89601e-17
4.1939e+06
10875
5.43727e-17
5.43727e-17
4.1939e+06
10875
5.01371e-17
5.01371e-17
4.1939e+06
10875
4.62269e-17
4.62269e-17
4.1939e+06
10875
4.26174e-17
4.26174e-17
4.1939e+06
10875
3.92857e-17
3.92857e-17
4.1939e+06
10875
3.62109e-17
3.62109e-17
4.1939e+06
10875
3.33735e-17
3.33735e-17
4.1939e+06
10875
3.07553e-17
3.07553e-17
4.1939e+06
10875
2.83396e-17
2.83396e-17
4.1939e+06
10875
2.61111e-17
2.61111e-17
4.1939e+06
10875
2.40554e-17
2.40554e-17
4.1939e+06
10875
2.21594e-17
2.21594e-17
4.1939e+06
10875
2.04107e-17
2.04107e-17
4.1939e+06
10875
1.87982e-17
1.87982e-17
4.1939e+06
10875
1.73113e-17
1.73113e-17
4.1939e+06
10875
1.59405e-17
1.59405e-17
4.1939e+06
10875
1.46767e-17
1.46767e-17
4.1939e+06
10875
1.35118e-17
1.35118e-17
4.1939e+06
10875
1.24381e-17
1.24381e-17
4.1939e+06
10875
1.14485e-17
1.14485e-17
4.1939e+06
10875
1.05367e-17
1.05367e-17
4.1939e+06
10875
9.69647e-18
9.69647e-18
4.1939e+06
10875
8.92237e-18
8.92237e-18
4.1939e+06
10875
8.20925e-18
8.20925e-18
4.1939e+06
10875
7.55237e-18
7.55237e-18
4.1939e+06
10875
6.94736e-18
6.94736e-18
4.1939e+06
10875
6.39017e-18
6.39017e-18
4.1939e+06
10875
5.87709e-18
5.87709e-18
4.1939e+06
10875
5.40466e-18
5.40466e-18
4.1939e+06
10875
4.96971e-18
4.96971e-18
4.1939e+06
10875
4.56931e-18
4.56931e-18
4.1939e+06
10875
4.20074e-18
4.20074e-18
4.1939e+06
10875
3.86152e-18
3.86152e-18
4.1939e+06
10875
3.54934e-18
3.54934e-18
4.1939e+06
10875
3.26207e-18
3.26207e-18
4.1939e+06
10875
2.99775e-18
2.99775e-18
4.1939e+06
10875
2.75457e-18
2.75457e-18
4.1939e+06
10875
2.53087e-18
2.53087e-18
4.1939e+06
10875
2.3251e-18
2.3251e-18
4.1939e+06
10875
2.13584e-18
2.13584e-18
4.1939e+06
10875
1.9618e-18
1.9618e-18
4.1939e+06
10875
1.80176e-18
1.80176e-18
4.1939e+06
10875
1.6546e-18
1.6546e-18
4.1939e+06
10875
1.51932e-18
1.51932e-18
4.1939e+06
10875
1.39495e-18
1.39495e-18
4.1939e+06
10875
1.28064e-18
1.28064e-18
4.1939e+06
10875
1.17558e-18
1.17558e-18
4.1939e+06
10875
1.07903e-18
1.07903e-18
4.1939e+06
10875
9.90309e-19
9.90309e-19
4.1939e+06
10875
9.08792e-19
9.08792e-19
4.1939e+06
10875
8.33903e-19
8.33903e-19
4.1939e+06
10875
7.65108e-19
7.65108e-19
4.1939e+06
10875
7.01918e-19
7.01918e-19
4.1939e+06
10875
6.43883e-19
6.43883e-19
4.1939e+06
10875
5.90587e-19
5.90587e-19
4.1939e+06
10875
5.41648e-19
5.41648e-19
4.1939e+06
10875
4.96715e-19
4.96715e-19
4.1939e+06
10875
4.55464e-19
4.55464e-19
4.1939e+06
10875
4.17597e-19
4.17597e-19
4.1939e+06
10875
3.8284e-19
3.8284e-19
4.1939e+06
10875
3.50941e-19
3.50941e-19
4.1939e+06
10875
3.21667e-19
3.21667e-19
4.1939e+06
10875
2.94806e-19
2.94806e-19
4.1939e+06
10875
2.70161e-19
2.70161e-19
4.1939e+06
10875
2.47551e-19
2.47551e-19
4.1939e+06
10875
2.26811e-19
2.26811e-19
4.1939e+06
10875
2.07788e-19
2.07788e-19
4.1939e+06
10875
1.90341e-19
1.90341e-19
4.1939e+06
10875
1.74342e-19
1.74342e-19
4.1939e+06
10875
1.59671e-19
1.59671e-19
4.1939e+06
10875
1.46221e-19
1.46221e-19
4.1939e+06
10875
1.3389e-19
1.3389e-19
4.1939e+06
10875
1.22586e-19
1.22586e-19
4.1939e+06
10875
1.12226e-19
1.12226e-19
4.1939e+06
10875
1.02731e-19
1.02731e-19
4.1939e+06
10875
9.40303e-20
9.40303e-20
4.1939e+06
10875
8.60576e-20
8.60576e-20
4.1939e+06
10875
7.8753e-20
7.8753e-20
4.1939e+06
10875
7.20613e-20
7.20613e-20
4.1939e+06
10875
6.59315e-20
6.59315e-20
4.1939e+06
10875
6.03172e-20
6.03172e-20
4.1939e+06
10875
5.51754e-20
5.51754e-20
4.1939e+06
10875
5.04669e-20
5.04669e-20
4.1939e+06
10875
4.61555e-20
4.61555e-20
4.1939e+06
10875
4.22083e-20
4.22083e-20
4.1939e+06
10875
3.85948e-20
3.85948e-20
4.1939e+06
10875
3.52871e-20
3.52871e-20
4.1939e+06
10875
3.22596e-20
3.22596e-20
4.1939e+06
10875
2.9489e-20
2.9489e-20
4.1939e+06
10875
2.69536e-20
2.69536e-20
4.1939e+06
10875
2.46337e-20
2.46337e-20
4.1939e+06
10875
2.25113e-20
2.25113e-20
4.1939e+06
10875
2.05697e-20
2.05697e-20
4.1939e+06
10875
1.87936e-20
1.87936e-20
4.1939e+06
10875
1.71692e-20
1.71692e-20
4.1939e+06
10875
1.56836e-20
1.56836e-20
4.1939e+06
10875
1.43252e-20
1.43252e-20
4.1939e+06
10875
1.3083e-20
1.3083e-20
4.1939e+06
10875
1.19474e-20
1.19474e-20
4.1939e+06
10875
1.09093e-20
1.09093e-20
4.1939e+06
10875
9.9604e-21
9.9604e-21
4.1939e+06
10875
9.09311e-21
9.09311e-21
4.1939e+06
10875
8.30051e-21
8.30051e-21
4.1939e+06
10875
7.57624e-21
7.57624e-21
4.1939e+06
10875
6.91447e-21
6.91447e-21
4.1939e+06
10875
6.30988e-21
6.30988e-21
4.1939e+06
10875
5.75758e-21
5.75758e-21
4.1939e+06
10875
5.25309e-21
5.25309e-21
4.1939e+06
10875
4.79233e-21
4.79233e-21
4.1939e+06
10875
4.37155e-21
4.37155e-21
4.1939e+06
10875
3.98731e-21
3.98731e-21
4.1939e+06
10875
3.63648e-21
3.63648e-21
4.1939e+06
10875
3.31619e-21
3.31619e-21
4.1939e+06
10875
3.02381e-21
3.02381e-21
4.1939e+06
10875
2.75693e-21
2.75693e-21
4.1939e+06
10875
2.51335e-21
2.51335e-21
4.1939e+06
10875
2.29106e-21
2.29106e-21
4.1939e+06
10875
2.08823e-21
2.08823e-21
4.1939e+06
10875
1.90316e-21
1.90316e-21
4.1939e+06
10875
1.73432e-21
1.73432e-21
4.1939e+06
10875
1.5803e-21
1.5803e-21
4.1939e+06
10875
1.43982e-21
1.43982e-21
4.1939e+06
10875
1.31169e-21
1.31169e-21
4.1939e+06
10875
1.19485e-21
1.19485e-21
4.1939e+06
10875
1.0883e-21
1.0883e-21
4.1939e+06
10875
9.91156e-22
9.91156e-22
4.1939e+06
10875
9.02593e-22
9.02593e-22
4.1939e+06
10875
8.21862e-22
8.21862e-22
4.1939e+06
10875
7.48276e-22
7.48276e-22
4.1939e+06
10875
6.81211e-22
6.81211e-22
4.1939e+06
10875
6.20095e-22
6.20095e-22
4.1939e+06
10875
5.64405e-22
5.64405e-22
4.1939e+06
10875
5.13665e-22
5.13665e-22
4.1939e+06
10875
4.6744e-22
4.6744e-22
4.1939e+06
10875
4.25333e-22
4.25333e-22
4.1939e+06
10875
3.8698e-22
3.8698e-22
4.1939e+06
10875
3.5205e-22
3.5205e-22
4.1939e+06
10875
3.2024e-22
3.2024e-22
4.1939e+06
10875
2.91276e-22
2.91276e-22
4.1939e+06
10875
2.64905e-22
2.64905e-22
4.1939e+06
10875
2.40898e-22
2.40898e-22
4.1939e+06
10875
2.19044e-22
2.19044e-22
4.1939e+06
10875
1.99153e-22
1.99153e-22
4.1939e+06
10875
1.8105e-22
1.8105e-22
4.1939e+06
10875
1.64576e-22
1.64576e-22
4.1939e+06
10875
1.49586e-22
1.49586e-22
4.1939e+06
10875
1.35948e-22
1.35948e-22
4.1939e+06
10875
1.23541e-22
1.23541e-22
4.1939e+06
10875
1.12255e-22
1.12255e-22
4.1939e+06
10875
1.0199e-22
1.0199e-22
4.1939e+06
10875
9.2654e-23
9.2654e-23
4.1939e+06
10875
8.41644e-23
8.41644e-23
4.1939e+06
10875
7.6445e-23
7.6445e-23
4.1939e+06
10875
6.94267e-23
6.94267e-23
4.1939e+06
10875
6.30465e-23
6.30465e-23
4.1939e+06
10875
5.72468e-23
5.72468e-23
4.1939e+06
10875
5.19755e-23
5.19755e-23
4.1939e+06
10875
4.71848e-23
4.71848e-23
4.1939e+06
10875
4.28314e-23
4.28314e-23
4.1939e+06
10875
3.88758e-23
3.88758e-23
4.1939e+06
10875
3.5282e-23
3.5282e-23
4.1939e+06
10875
3.20172e-23
3.20172e-23
4.1939e+06
10875
2.90516e-23
2.90516e-23
4.1939e+06
10875
2.6358e-23
2.6358e-23
4.1939e+06
10875
2.39118e-23
2.39118e-23
4.1939e+06
10875
2.16904e-23
2.16904e-23
4.1939e+06
10875
1.96735e-23
1.96735e-23
4.1939e+06
10875
1.78423e-23
1.78423e-23
4.1939e+06
10875
1.61799e-23
1.61799e-23
4.1939e+06
10875
1.4671e-23
1.4671e-23
4.1939e+06
10875
1.33014e-23
1.33014e-23
4.1939e+06
10875
1.20585e-23
1.20585e-23
4.1939e+06
10875
1.09307e-23
1.09307e-23
4.1939e+06
10875
9.9073e-24
9.9073e-24
4.1939e+06
10875
8.97885e-24
8.97885e-24
4.1939e+06
10875
8.1366e-24
8.1366e-24
4.1939e+06
10875
7.37261e-24
7.37261e-24
4.1939e+06
10875
6.67969e-24
6.67969e-24
4.1939e+06
10875
6.05129e-24
6.05129e-24
4.1939e+06
10875
5.48146e-24
5.48146e-24
4.1939e+06
10875
4.9648e-24
4.9648e-24
4.1939e+06
10875
4.49638e-24
4.49638e-24
4.1939e+06
10875
4.07175e-24
4.07175e-24
4.1939e+06
10875
3.68685e-24
3.68685e-24
4.1939e+06
10875
3.338e-24
3.338e-24
4.1939e+06
10875
3.02186e-24
3.02186e-24
4.1939e+06
10875
2.73538e-24
2.73538e-24
4.1939e+06
10875
2.47582e-24
2.47582e-24
4.1939e+06
10875
2.24066e-24
2.24066e-24
4.1939e+06
10875
2.02764e-24
2.02764e-24
4.1939e+06
10875
1.83468e-24
1.83468e-24
4.1939e+06
10875
1.65992e-24
1.65992e-24
4.1939e+06
10875
1.50166e-24
1.50166e-24
4.1939e+06
10875
1.35835e-24
1.35835e-24
4.1939e+06
10875
1.2286e-24
1.2286e-24
4.1939e+06
10875
1.11112e-24
1.11112e-24
4.1939e+06
10875
1.00478e-24
1.00478e-24
4.1939e+06
10875
9.08529e-25
9.08529e-25
4.1939e+06
10875
8.21414e-25
8.21414e-25
4.1939e+06
10875
7.42578e-25
7.42578e-25
4.1939e+06
10875
6.7124e-25
6.7124e-25
4.1939e+06
10875
6.06696e-25
6.06696e-25
4.1939e+06
10875
5.48303e-25
5.48303e-25
4.1939e+06
10875
4.9548e-25
4.9548e-25
4.1939e+06
10875
4.47702e-25
4.47702e-25
4.1939e+06
10875
4.0449e-25
4.0449e-25
4.1939e+06
10875
3.65413e-25
3.65413e-25
4.1939e+06
10875
3.30077e-25
3.30077e-25
4.1939e+06
10875
2.98129e-25
2.98129e-25
4.1939e+06
10875
2.69247e-25
2.69247e-25
4.1939e+06
10875
2.43138e-25
2.43138e-25
4.1939e+06
10875
2.19538e-25
2.19538e-25
4.1939e+06
10875
1.9821e-25
1.9821e-25
4.1939e+06
10875
1.78936e-25
1.78936e-25
4.1939e+06
10875
1.6152e-25
1.6152e-25
4.1939e+06
10875
1.45784e-25
1.45784e-25
4.1939e+06
10875
1.31568e-25
1.31568e-25
4.1939e+06
10875
1.18727e-25
1.18727e-25
4.1939e+06
10875
1.07128e-25
1.07128e-25
4.1939e+06
10875
9.6653e-26
9.6653e-26
4.1939e+06
10875
8.71933e-26
8.71933e-26
4.1939e+06
10875
7.86515e-26
7.86515e-26
4.1939e+06
10875
7.09395e-26
7.09395e-26
4.1939e+06
10875
6.39772e-26
6.39772e-26
4.1939e+06
10875
5.76925e-26
5.76925e-26
4.1939e+06
10875
5.202e-26
5.202e-26
4.1939e+06
10875
4.69005e-26
4.69005e-26
4.1939e+06
10875
4.22806e-26
4.22806e-26
4.1939e+06
10875
3.81119e-26
3.81119e-26
4.1939e+06
10875
3.43509e-26
3.43509e-26
4.1939e+06
10875
3.09579e-26
3.09579e-26
4.1939e+06
10875
2.78972e-26
2.78972e-26
4.1939e+06
10875
2.51367e-26
2.51367e-26
4.1939e+06
10875
2.2647e-26
2.2647e-26
4.1939e+06
10875
2.04019e-26
2.04019e-26
4.1939e+06
10875
1.83775e-26
1.83775e-26
4.1939e+06
10875
1.65523e-26
1.65523e-26
4.1939e+06
10875
1.49069e-26
1.49069e-26
4.1939e+06
10875
1.34238e-26
1.34238e-26
4.1939e+06
10875
1.2087e-26
1.2087e-26
4.1939e+06
10875
1.08822e-26
1.08822e-26
4.1939e+06
10875
9.79652e-27
9.79652e-27
4.1939e+06
10875
8.81828e-27
8.81828e-27
4.1939e+06
10875
7.93694e-27
7.93694e-27
4.1939e+06
10875
7.14296e-27
7.14296e-27
4.1939e+06
10875
6.42777e-27
6.42777e-27
4.1939e+06
10875
5.78361e-27
5.78361e-27
4.1939e+06
10875
5.20348e-27
5.20348e-27
4.1939e+06
10875
4.68107e-27
4.68107e-27
4.1939e+06
10875
4.21069e-27
4.21069e-27
4.1939e+06
10875
3.7872e-27
3.7872e-27
4.1939e+06
10875
3.40596e-27
3.40596e-27
4.1939e+06
10875
3.06279e-27
3.06279e-27
4.1939e+06
10875
2.75393e-27
2.75393e-27
4.1939e+06
10875
2.47596e-27
2.47596e-27
4.1939e+06
10875
2.22582e-27
2.22582e-27
4.1939e+06
10875
2.00076e-27
2.00076e-27
4.1939e+06
10875
1.79827e-27
1.79827e-27
4.1939e+06
10875
1.61612e-27
1.61612e-27
4.1939e+06
10875
1.45227e-27
1.45227e-27
4.1939e+06
10875
1.3049e-27
1.3049e-27
4.1939e+06
10875
1.17237e-27
1.17237e-27
4.1939e+06
10875
1.05319e-27
1.05319e-27
4.1939e+06
10875
9.46038e-28
9.46038e-28
4.1939e+06
10875
8.49699e-28
8.49699e-28
4.1939e+06
10875
7.63095e-28
7.63095e-28
4.1939e+06
10875
6.85249e-28
6.85249e-28
4.1939e+06
10875
6.15283e-28
6.15283e-28
4.1939e+06
10875
5.52406e-28
5.52406e-28
4.1939e+06
10875
4.95904e-28
4.95904e-28
4.1939e+06
10875
4.45137e-28
4.45137e-28
4.1939e+06
10875
3.99528e-28
3.99528e-28
4.1939e+06
10875
3.58555e-28
3.58555e-28
4.1939e+06
10875
3.21752e-28
3.21752e-28
4.1939e+06
10875
2.88698e-28
2.88698e-28
4.1939e+06
10875
2.59014e-28
2.59014e-28
4.1939e+06
10875
2.32359e-28
2.32359e-28
4.1939e+06
10875
2.08426e-28
2.08426e-28
4.1939e+06
10875
1.86939e-28
1.86939e-28
4.1939e+06
10875
1.67651e-28
1.67651e-28
4.1939e+06
10875
1.50337e-28
1.50337e-28
4.1939e+06
10875
1.34799e-28
1.34799e-28
4.1939e+06
10875
1.20854e-28
1.20854e-28
4.1939e+06
10875
1.08341e-28
1.08341e-28
4.1939e+06
10875
9.71137e-29
9.71137e-29
4.1939e+06
10875
8.70413e-29
8.70413e-29
4.1939e+06
10875
7.80058e-29
7.80058e-29
4.1939e+06
10875
6.99012e-29
6.99012e-29
4.1939e+06
10875
6.26324e-29
6.26324e-29
4.1939e+06
10875
5.61138e-29
5.61138e-29
4.1939e+06
10875
5.02687e-29
5.02687e-29
4.1939e+06
10875
4.50279e-29
4.50279e-29
4.1939e+06
10875
4.03295e-29
4.03295e-29
4.1939e+06
10875
3.61177e-29
3.61177e-29
4.1939e+06
10875
3.23425e-29
3.23425e-29
4.1939e+06
10875
2.8959e-29
2.8959e-29
4.1939e+06
10875
2.59269e-29
2.59269e-29
4.1939e+06
10875
2.321e-29
2.321e-29
4.1939e+06
10875
2.07757e-29
2.07757e-29
4.1939e+06
10875
1.85948e-29
1.85948e-29
4.1939e+06
10875
1.66412e-29
1.66412e-29
4.1939e+06
10875
1.48914e-29
1.48914e-29
4.1939e+06
10875
1.33242e-29
1.33242e-29
4.1939e+06
10875
1.19208e-29
1.19208e-29
4.1939e+06
10875
1.06641e-29
1.06641e-29
4.1939e+06
10875
9.53894e-30
9.53894e-30
4.1939e+06
10875
8.53165e-30
8.53165e-30
4.1939e+06
10875
7.62996e-30
7.62996e-30
4.1939e+06
10875
6.82289e-30
6.82289e-30
4.1939e+06
10875
6.10057e-30
6.10057e-30
4.1939e+06
10875
5.45418e-30
5.45418e-30
4.1939e+06
10875
4.87579e-30
4.87579e-30
4.1939e+06
10875
4.3583e-30
4.3583e-30
4.1939e+06
10875
3.89535e-30
3.89535e-30
4.1939e+06
10875
3.48122e-30
3.48122e-30
4.1939e+06
10875
3.11081e-30
3.11081e-30
4.1939e+06
10875
2.77953e-30
2.77953e-30
4.1939e+06
10875
2.48329e-30
2.48329e-30
4.1939e+06
10875
2.21839e-30
2.21839e-30
4.1939e+06
10875
1.98156e-30
1.98156e-30
4.1939e+06
10875
1.76983e-30
1.76983e-30
4.1939e+06
10875
1.58057e-30
1.58057e-30
4.1939e+06
10875
1.4114e-30
1.4114e-30
4.1939e+06
10875
1.26022e-30
1.26022e-30
4.1939e+06
10875
1.12511e-30
1.12511e-30
4.1939e+06
10875
1.00439e-30
1.00439e-30
4.1939e+06
10875
8.96535e-31
8.96535e-31
4.1939e+06
10875
8.00181e-31
8.00181e-31
4.1939e+06
10875
7.14111e-31
7.14111e-31
4.1939e+06
10875
6.37235e-31
6.37235e-31
4.1939e+06
10875
5.68578e-31
5.68578e-31
4.1939e+06
10875
5.07267e-31
5.07267e-31
4.1939e+06
10875
4.52523e-31
4.52523e-31
4.1939e+06
10875
4.03646e-31
4.03646e-31
4.1939e+06
10875
3.60012e-31
3.60012e-31
4.1939e+06
10875
3.21063e-31
3.21063e-31
4.1939e+06
10875
2.86299e-31
2.86299e-31
4.1939e+06
10875
2.55274e-31
2.55274e-31
4.1939e+06
10875
2.27588e-31
2.27588e-31
4.1939e+06
10875
2.02885e-31
2.02885e-31
4.1939e+06
10875
1.80845e-31
1.80845e-31
4.1939e+06
10875
1.61183e-31
1.61183e-31
4.1939e+06
10875
1.43644e-31
1.43644e-31
4.1939e+06
10875
1.28001e-31
1.28001e-31
4.1939e+06
10875
1.1405e-31
1.1405e-31
4.1939e+06
10875
1.0161e-31
1.0161e-31
4.1939e+06
10875
9.0517e-32
9.0517e-32
4.1939e+06
10875
8.06273e-32
8.06273e-32
4.1939e+06
10875
7.1811e-32
7.1811e-32
4.1939e+06
10875
6.39523e-32
6.39523e-32
4.1939e+06
10875
5.6948e-32
5.6948e-32
4.1939e+06
10875
5.07057e-32
5.07057e-32
4.1939e+06
10875
4.51431e-32
4.51431e-32
4.1939e+06
10875
4.01868e-32
4.01868e-32
4.1939e+06
10875
3.5771e-32
3.5771e-32
4.1939e+06
10875
3.18373e-32
3.18373e-32
4.1939e+06
10875
2.83333e-32
2.83333e-32
4.1939e+06
10875
2.52124e-32
2.52124e-32
4.1939e+06
10875
2.24331e-32
2.24331e-32
4.1939e+06
10875
1.99582e-32
1.99582e-32
4.1939e+06
10875
1.77545e-32
1.77545e-32
4.1939e+06
10875
1.57925e-32
1.57925e-32
4.1939e+06
10875
1.4046e-32
1.4046e-32
4.1939e+06
10875
1.24914e-32
1.24914e-32
4.1939e+06
10875
1.11077e-32
1.11077e-32
4.1939e+06
10875
9.8763e-33
9.8763e-33
4.1939e+06
10875
8.78054e-33
8.78054e-33
4.1939e+06
10875
7.80557e-33
7.80557e-33
4.1939e+06
10875
6.93817e-33
6.93817e-33
4.1939e+06
10875
6.16654e-33
6.16654e-33
4.1939e+06
10875
5.48018e-33
5.48018e-33
4.1939e+06
10875
4.86973e-33
4.86973e-33
4.1939e+06
10875
4.32684e-33
4.32684e-33
4.1939e+06
10875
3.84409e-33
3.84409e-33
4.1939e+06
10875
3.41486e-33
3.41486e-33
4.1939e+06
10875
3.03326e-33
3.03326e-33
4.1939e+06
10875
2.69403e-33
2.69403e-33
4.1939e+06
10875
2.3925e-33
2.3925e-33
4.1939e+06
10875
2.1245e-33
2.1245e-33
4.1939e+06
10875
1.88634e-33
1.88634e-33
4.1939e+06
10875
1.67471e-33
1.67471e-33
4.1939e+06
10875
1.48667e-33
1.48667e-33
4.1939e+06
10875
1.31961e-33
1.31961e-33
4.1939e+06
10875
1.17121e-33
1.17121e-33
4.1939e+06
10875
1.03939e-33
1.03939e-33
4.1939e+06
10875
9.22321e-34
9.22321e-34
4.1939e+06
10875
8.18352e-34
8.18352e-34
4.1939e+06
10875
7.26031e-34
7.26031e-34
4.1939e+06
10875
6.44061e-34
6.44061e-34
4.1939e+06
10875
5.71288e-34
5.71288e-34
4.1939e+06
10875
5.06687e-34
5.06687e-34
4.1939e+06
10875
4.49346e-34
4.49346e-34
4.1939e+06
10875
3.98454e-34
3.98454e-34
4.1939e+06
10875
3.53291e-34
3.53291e-34
4.1939e+06
10875
3.13216e-34
3.13216e-34
4.1939e+06
10875
2.77659e-34
2.77659e-34
4.1939e+06
10875
2.46114e-34
2.46114e-34
4.1939e+06
10875
2.1813e-34
2.1813e-34
4.1939e+06
10875
1.9331e-34
1.9331e-34
4.1939e+06
10875
1.71296e-34
1.71296e-34
4.1939e+06
10875
1.51774e-34
1.51774e-34
4.1939e+06
10875
1.34464e-34
1.34464e-34
4.1939e+06
10875
1.19115e-34
1.19115e-34
4.1939e+06
10875
1.05509e-34
1.05509e-34
4.1939e+06
10875
9.34469e-35
9.34469e-35
4.1939e+06
10875
8.27557e-35
8.27557e-35
4.1939e+06
10875
7.32804e-35
7.32804e-35
4.1939e+06
10875
6.48835e-35
6.48835e-35
4.1939e+06
10875
5.7443e-35
5.7443e-35
4.1939e+06
10875
5.08507e-35
5.08507e-35
4.1939e+06
10875
4.50104e-35
4.50104e-35
4.1939e+06
10875
3.98369e-35
3.98369e-35
4.1939e+06
10875
3.52545e-35
3.52545e-35
4.1939e+06
10875
3.11961e-35
3.11961e-35
4.1939e+06
10875
2.76021e-35
2.76021e-35
4.1939e+06
10875
2.44198e-35
2.44198e-35
4.1939e+06
10875
2.16022e-35
2.16022e-35
4.1939e+06
10875
1.91077e-35
1.91077e-35
4.1939e+06
10875
1.68997e-35
1.68997e-35
4.1939e+06
10875
1.49452e-35
1.49452e-35
4.1939e+06
10875
1.32155e-35
1.32155e-35
4.1939e+06
10875
1.16849e-35
1.16849e-35
4.1939e+06
10875
1.03304e-35
1.03304e-35
4.1939e+06
10875
9.13208e-36
9.13208e-36
4.1939e+06
10875
8.07193e-36
8.07193e-36
4.1939e+06
10875
7.13415e-36
7.13415e-36
4.1939e+06
10875
6.30469e-36
6.30469e-36
4.1939e+06
10875
5.5711e-36
5.5711e-36
4.1939e+06
10875
4.92238e-36
4.92238e-36
4.1939e+06
10875
4.34877e-36
4.34877e-36
4.1939e+06
10875
3.84162e-36
3.84162e-36
4.1939e+06
10875
3.39327e-36
3.39327e-36
4.1939e+06
10875
2.99694e-36
2.99694e-36
4.1939e+06
10875
2.64665e-36
2.64665e-36
4.1939e+06
10875
2.33706e-36
2.33706e-36
4.1939e+06
10875
2.06348e-36
2.06348e-36
4.1939e+06
10875
1.82174e-36
1.82174e-36
4.1939e+06
10875
1.60816e-36
1.60816e-36
4.1939e+06
10875
1.41948e-36
1.41948e-36
4.1939e+06
10875
1.25282e-36
1.25282e-36
